53160101 左嘉 73 73 73 73 73 73 73 73 73 73 
53160103 王云迪 77 77 77 77 77 77 77 77 77 77 
53160104 曹诣涵 75 75 75 75 75 75 75 75 75 75 
53160108 周嘉莉 80 80 80 80 80 80 80 80 80 80 
53160109 刘子博 62 62 62 62 62 62 62 62 62 62 
53160110 宋平 83 83 83 83 83 83 83 83 83 83 
53160111 侯文举 79 79 79 79 79 79 79 79 79 79 
53160112 王德鑫 84 84 84 84 84 84 84 84 84 84 
53160113 姜廷瑞 60 60 60 60 60 60 60 60 60 60 
53160114 陈赫元 99 99 99 99 99 99 99 99 99 99 
53160115 马文强 86 86 86 86 86 86 86 86 86 86 
53160117 韩嘉树 93 93 93 93 93 93 93 93 93 93 
53160118 李晓龙 46 46 46 46 46 46 46 46 46 46 
53160122 张莉彬 86 86 86 86 86 86 86 86 86 86 
53160123 史记龙 73 73 73 73 73 73 73 73 73 73 
53160125 苗鑫朋 83 83 83 83 83 83 83 83 83 83 
53160126 鲁正伟 66 66 66 66 66 66 66 66 66 66 
53160127 刘志涛 57 57 57 57 57 57 57 57 57 57 
53160128 廖月亿 79 79 79 79 79 79 79 79 79 79 
53160129 王雨翰 82 82 82 82 82 82 82 82 82 82 
53160130 张礼理 95 95 95 95 95 95 95 95 95 95 
53160131 柳海伊 79 79 79 79 79 79 79 79 79 79 
53160135 李江潮 76 76 76 76 76 76 76 76 76 76 
53160203 倪畅 49 49 49 49 49 49 49 49 49 49 
53160204 柴若楠 67 67 67 67 67 67 67 67 67 67 
53160205 袁宇平 72 72 72 72 72 72 72 72 72 72 
53160206 武辰君 79 79 79 79 79 79 79 79 79 79 
53160207 宫林颖 95 95 95 95 95 95 95 95 95 95 
53160208 涂静 98 98 98 98 98 98 98 98 98 98 
53160210 田舒畅 65 65 65 65 65 65 65 65 65 65 
53160211 刘晨 68 68 68 68 68 68 68 68 68 68 
53160214 李良 45 45 45 45 45 45 45 45 45 45 
53160215 王铭熙 87 87 87 87 87 87 87 87 87 87 
53160216 李嘉寅 64 64 64 64 64 64 64 64 64 64 
53160218 周思言 81 81 81 81 81 81 81 81 81 81 
53160219 陈浩翔 92 92 92 92 92 92 92 92 92 92 
53160220 贺江坤 75 75 75 75 75 75 75 75 75 75 
53160221 孙椿淞 70 70 70 70 70 70 70 70 70 70 
53160222 裴俊鹏 90 90 90 90 90 90 90 90 90 90 
53160223 张颍芳 77 77 77 77 77 77 77 77 77 77 
53160224 李之赫 71 71 71 71 71 71 71 71 71 71 
53160225 康书畅 83 83 83 83 83 83 83 83 83 83 
53160228 唐文海 67 67 67 67 67 67 67 67 67 67 
53160229 陈力 88 88 88 88 88 88 88 88 88 88 
53160231 徐澍M 51 51 51 51 51 51 51 51 51 51 
53160232 邢皓 62 62 62 62 62 62 62 62 62 62 
53160233 曹泽坤 95 95 95 95 95 95 95 95 95 95 
53160301 吕雯暄 55 55 55 55 55 55 55 55 55 55 
53160302 张秀伊 76 76 76 76 76 76 76 76 76 76 
53160303 李晶伟 59 59 59 59 59 59 59 59 59 59 
53160305 任智敏 40 40 40 40 40 40 40 40 40 40 
53160306 连芸 75 75 75 75 75 75 75 75 75 75 
53160307 文敬 68 68 68 68 68 68 68 68 68 68 
53160308 杨晨 64 64 64 64 64 64 64 64 64 64 
53160309 吴Q 73 73 73 73 73 73 73 73 73 73 
53160310 顾旭明 74 74 74 74 74 74 74 74 74 74 
53160313 郭慕尧 73 73 73 73 73 73 73 73 73 73 
53160315 佟立鑫 69 69 69 69 69 69 69 69 69 69 
53160319 熊鹏程 75 75 75 75 75 75 75 75 75 75 
53160320 胡凯 76 76 76 76 76 76 76 76 76 76 
53160321 韩继宗 52 52 52 52 52 52 52 52 52 52 
53160322 贾富琦 72 72 72 72 72 72 72 72 72 72 
53160323 杨哲 88 88 88 88 88 88 88 88 88 88 
53160324 辛玖洋 83 83 83 83 83 83 83 83 83 83 
53160325 李帅南 88 88 88 88 88 88 88 88 88 88 
53160327 王桢朗 96 96 96 96 96 96 96 96 96 96 
53160328 杨成斌 71 71 71 71 71 71 71 71 71 71 
53160329 谈陈鸿杰 97 97 97 97 97 97 97 97 97 97 
53160330 李金键 63 63 63 63 63 63 63 63 63 63 
53160332 潘豪 85 85 85 85 85 85 85 85 85 85 
53160333 樊瑞祥 63 63 63 63 63 63 63 63 63 63 
53160334 曹暾 60 60 60 60 60 60 60 60 60 60 
53160335 黄旭蒙 84 84 84 84 84 84 84 84 84 84 
53160401 郭文慧 63 63 63 63 63 63 63 63 63 63 
53160402 赵璇 87 87 87 87 87 87 87 87 87 87 
53160403 朱家熠 88 88 88 88 88 88 88 88 88 88 
53160404 焦远卓 90 90 90 90 90 90 90 90 90 90 
53160407 梁小凤 48 48 48 48 48 48 48 48 48 48 
53160410 李霖森 71 71 71 71 71 71 71 71 71 71 
53160412 王博 66 66 66 66 66 66 66 66 66 66 
53160413 安烁文 69 69 69 69 69 69 69 69 69 69 
53160414 赵梓淇 84 84 84 84 84 84 84 84 84 84 
53160416 孙世奇 85 85 85 85 85 85 85 85 85 85 
53160417 张峻伟 81 81 81 81 81 81 81 81 81 81 
53160420 黄一波 64 64 64 64 64 64 64 64 64 64 
53160421 白宁 65 65 65 65 65 65 65 65 65 65 
53160422 胡高文 83 83 83 83 83 83 83 83 83 83 
53160423 管清泉 77 77 77 77 77 77 77 77 77 77 
53160424 杨溢 81 81 81 81 81 81 81 81 81 81 
53160425 张政 92 92 92 92 92 92 92 92 92 92 
53160426 张文雷 80 80 80 80 80 80 80 80 80 80 
53160428 王嘉康 91 91 91 91 91 91 91 91 91 91 
53160430 周俊杰 93 93 93 93 93 93 93 93 93 93 
53160431 陈施翰 59 59 59 59 59 59 59 59 59 59 
53160432 李俊 56 56 56 56 56 56 56 56 56 56 
53160502 宫瑛淳 77 77 77 77 77 77 77 77 77 77 
53160504 吴波 80 80 80 80 80 80 80 80 80 80 
53160506 张欣妮 82 82 82 82 82 82 82 82 82 82 
53160507 唐颖 85 85 85 85 85 85 85 85 85 85 
53160510 刘泽润 92 92 92 92 92 92 92 92 92 92 
53160511 王少伟 81 81 81 81 81 81 81 81 81 81 
53160512 李江鹏 93 93 93 93 93 93 93 93 93 93 
53160515 蒋卓宸 70 70 70 70 70 70 70 70 70 70 
53160516 万利家 100 100 100 100 100 100 100 100 100 100 
53160518 周瑞 54 54 54 54 54 54 54 54 54 54 
53160519 陆小虎 44 44 44 44 44 44 44 44 44 44 
53160520 徐浩 82 82 82 82 82 82 82 82 82 82 
53160521 胡仁雨 95 95 95 95 95 95 95 95 95 95 
53160523 胡佩威 76 76 76 76 76 76 76 76 76 76 
53160525 贺奥宇 50 50 50 50 50 50 50 50 50 50 
53160527 刘曦宇 81 81 81 81 81 81 81 81 81 81 
53160528 李聪 52 52 52 52 52 52 52 52 52 52 
53160529 李定龙 94 94 94 94 94 94 94 94 94 94 
53160531 涂彦琨 82 82 82 82 82 82 82 82 82 82 
53160532 雷正勇 97 97 97 97 97 97 97 97 97 97 
53160533 王子健 86 86 86 86 86 86 86 86 86 86 
53160534 白宇航 84 84 84 84 84 84 84 84 84 84 
53160601 王晗 89 89 89 89 89 89 89 89 89 89 
53160602 王禹淳 98 98 98 98 98 98 98 98 98 98 
53160604 周雅婷 80 80 80 80 80 80 80 80 80 80 
53160605 张涵祺 75 75 75 75 75 75 75 75 75 75 
53160606 彭羚 92 92 92 92 92 92 92 92 92 92 
53160609 尹子豪 53 53 53 53 53 53 53 53 53 53 
53160612 姜泓辰 65 65 65 65 65 65 65 65 65 65 
53160614 曹伟伟 53 53 53 53 53 53 53 53 53 53 
53160615 武成基 85 85 85 85 85 85 85 85 85 85 
53160616 周建航 76 76 76 76 76 76 76 76 76 76 
53160617 崔宇轩 90 90 90 90 90 90 90 90 90 90 
53160618 陈凯 86 86 86 86 86 86 86 86 86 86 
53160619 张锵 87 87 87 87 87 87 87 87 87 87 
53160620 朱子归 93 93 93 93 93 93 93 93 93 93 
53160622 张斌 74 74 74 74 74 74 74 74 74 74 
53160623 张正 68 68 68 68 68 68 68 68 68 68 
53160624 周亚亚 87 87 87 87 87 87 87 87 87 87 
53160625 胡恋江 78 78 78 78 78 78 78 78 78 78 
53160626 周轩 94 94 94 94 94 94 94 94 94 94 
53160627 陈亮恒 50 50 50 50 50 50 50 50 50 50 
53160628 李东泽 72 72 72 72 72 72 72 72 72 72 
53160629 柏鹏 87 87 87 87 87 87 87 87 87 87 
53160630 唐诗熠 80 80 80 80 80 80 80 80 80 80 
53160633 敬信立 74 74 74 74 74 74 74 74 74 74 
53160701 卢思佳 66 66 66 66 66 66 66 66 66 66 
53160702 乔雅婷 69 69 69 69 69 69 69 69 69 69 
53160703 张馨月 94 94 94 94 94 94 94 94 94 94 
53160705 王启月 62 62 62 62 62 62 62 62 62 62 
53160706 李芷萱 66 66 66 66 66 66 66 66 66 66 
53160707 戴露 91 91 91 91 91 91 91 91 91 91 
53160709 杨天宇 98 98 98 98 98 98 98 98 98 98 
53160710 滑紫旭 58 58 58 58 58 58 58 58 58 58 
53160711 梁潇 47 47 47 47 47 47 47 47 47 47 
53160712 邰诗文 90 90 90 90 90 90 90 90 90 90 
53160714 吕诗凡 100 100 100 100 100 100 100 100 100 100 
53160715 王钰森 95 95 95 95 95 95 95 95 95 95 
53160717 赵健 78 78 78 78 78 78 78 78 78 78 
53160720 赵子昕 91 91 91 91 91 91 91 91 91 91 
53160721 娄辰玮 70 70 70 70 70 70 70 70 70 70 
53160722 高宇 88 88 88 88 88 88 88 88 88 88 
53160723 张园博 81 81 81 81 81 81 81 81 81 81 
53160724 青肖杰 89 89 89 89 89 89 89 89 89 89 
53160725 黄禹松 78 78 78 78 78 78 78 78 78 78 
53160726 林博 42 42 42 42 42 42 42 42 42 42 
53160727 刘昕明 78 78 78 78 78 78 78 78 78 78 
53160729 江武 96 96 96 96 96 96 96 96 96 96 
53160730 王潇 86 86 86 86 86 86 86 86 86 86 
53160731 王靖权 84 84 84 84 84 84 84 84 84 84 
53160733 张志凌 94 94 94 94 94 94 94 94 94 94 
53160802 许媛媛 90 90 90 90 90 90 90 90 90 90 
53160803 张天悦 95 95 95 95 95 95 95 95 95 95 
53160804 杜宜霏 87 87 87 87 87 87 87 87 87 87 
53160805 雷新丽 41 41 41 41 41 41 41 41 41 41 
53160806 邓艳红 61 61 61 61 61 61 61 61 61 61 
53160808 刘玉蓉 61 61 61 61 61 61 61 61 61 61 
53160809 张炎 77 77 77 77 77 77 77 77 77 77 
53160810 王宏 57 57 57 57 57 57 57 57 57 57 
53160813 刘国晟 73 73 73 73 73 73 73 73 73 73 
53160814 王鏖清 61 61 61 61 61 61 61 61 61 61 
53160815 李天祥 51 51 51 51 51 51 51 51 51 51 
53160816 黄鹤翔 78 78 78 78 78 78 78 78 78 78 
53160817 商健文 98 98 98 98 98 98 98 98 98 98 
53160818 石方哲 93 93 93 93 93 93 93 93 93 93 
53160819 李申瑞 69 69 69 69 69 69 69 69 69 69 
53160821 刘洋洋 88 88 88 88 88 88 88 88 88 88 
53160826 吴涛 91 91 91 91 91 91 91 91 91 91 
53160829 冯子英 72 72 72 72 72 72 72 72 72 72 
53160830 汪正涛 84 84 84 84 84 84 84 84 84 84 
53160831 张志帆 89 89 89 89 89 89 89 89 89 89 
53160832 廖歆恺 56 56 56 56 56 56 56 56 56 56 
53160901 陈静 96 96 96 96 96 96 96 96 96 96 
53160902 安琳 70 70 70 70 70 70 70 70 70 70 
53160904 田雪晴 94 94 94 94 94 94 94 94 94 94 
53160905 李鑫 74 74 74 74 74 74 74 74 74 74 
53160906 崔俊杰 71 71 71 71 71 71 71 71 71 71 
53160909 刘东阳 83 83 83 83 83 83 83 83 83 83 
53160911 蔺尧 43 43 43 43 43 43 43 43 43 43 
53160912 庄述鑫 90 90 90 90 90 90 90 90 90 90 
53160913 张岚滔 93 93 93 93 93 93 93 93 93 93 
53160914 周禹成 96 96 96 96 96 96 96 96 96 96 
53160915 侯铭楷 79 79 79 79 79 79 79 79 79 79 
53160916 杨毅 92 92 92 92 92 92 92 92 92 92 
53160919 张梦晨 89 89 89 89 89 89 89 89 89 89 
53160920 宋文浩 75 75 75 75 75 75 75 75 75 75 
53160922 呼胜利 97 97 97 97 97 97 97 97 97 97 
53160924 赵振威 91 91 91 91 91 91 91 91 91 91 
53160927 邓书远 65 65 65 65 65 65 65 65 65 65 
53160929 陈飞 89 89 89 89 89 89 89 89 89 89 
53160930 冯全万 55 55 55 55 55 55 55 55 55 55 
53161002 连梦茹 82 82 82 82 82 82 82 82 82 82 
53161003 王晨裕 70 70 70 70 70 70 70 70 70 70 
53161005 陈玲 76 76 76 76 76 76 76 76 76 76 
53161007 王帅琪 85 85 85 85 85 85 85 85 85 85 
53161008 陈昕 71 71 71 71 71 71 71 71 71 71 
53161009 李瑞良 97 97 97 97 97 97 97 97 97 97 
53161010 刘金鑫 78 78 78 78 78 78 78 78 78 78 
53161011 姜超 58 58 58 58 58 58 58 58 58 58 
53161012 李师帅 91 91 91 91 91 91 91 91 91 91 
53161013 朴冠华 80 80 80 80 80 80 80 80 80 80 
53161014 勾浩权 67 67 67 67 67 67 67 67 67 67 
53161016 夏志强 74 74 74 74 74 74 74 74 74 74 
53161017 孟凡强 54 54 54 54 54 54 54 54 54 54 
53161018 吴都 92 92 92 92 92 92 92 92 92 92 
53161020 王军 67 67 67 67 67 67 67 67 67 67 
53161022 周宽 85 85 85 85 85 85 85 85 85 85 
53161023 张允亮 77 77 77 77 77 77 77 77 77 77 
53161024 李虎 82 82 82 82 82 82 82 82 82 82 
53161026 黄湛明 99 99 99 99 99 99 99 99 99 99 
53161027 张赵君 60 60 60 60 60 60 60 60 60 60 
53161028 杨猛 68 68 68 68 68 68 68 68 68 68 
53161029 何意 72 72 72 72 72 72 72 72 72 72 
53161030 蒋寅峰 86 86 86 86 86 86 86 86 86 86 
53161032 张岩 94 94 94 94 94 94 94 94 94 94 
53161033 王睿栋 79 79 79 79 79 79 79 79 79 79 
