第1步  当前位置: (0,1)
矩阵（5×5）：
     0     1     0     0     0
     0     0     0     0     0
     0     0     0     0     0
     0     0     0     0     0
     0     0     0     0     0
方向   下一位置   可通方向     可通路数
  3	(1,3)	4,5,6,	3
  4	(2,2)	1,2,3,4,5,6,7,	7
  5	(2,0)	2,3,4,	3
选定下一步方向  direction=3

第2步  当前位置: (1,3)
矩阵（5×5）：
     0     1     0     0     0
     0     0     0     2     0
     0     0     0     0     0
     0     0     0     0     0
     0     0     0     0     0
方向   下一位置   可通方向     可通路数
  4	(3,4)	6,7,	2
  5	(3,2)	2,3,6,7,8,	5
  6	(2,1)	1,3,4,5,8,	5
选定下一步方向  direction=4

第3步  当前位置: (3,4)
矩阵（5×5）：
     0     1     0     0     0
     0     0     0     2     0
     0     0     0     0     0
     0     0     0     0     3
     0     0     0     0     0
方向   下一位置   可通方向     可通路数
  6	(4,2)	1,7,8,	3
  7	(2,2)	1,2,4,5,6,7,	6
选定下一步方向  direction=6

第4步  当前位置: (4,2)
矩阵（5×5）：
     0     1     0     0     0
     0     0     0     2     0
     0     0     0     0     0
     0     0     0     0     3
     0     0     4     0     0
方向   下一位置   可通方向     可通路数
  1	(2,3)	1,4,6,7,8,	5
  7	(3,0)	1,2,	2
  8	(2,1)	1,3,5,8,	4
选定下一步方向  direction=7

第5步  当前位置: (3,0)
矩阵（5×5）：
     0     1     0     0     0
     0     0     0     2     0
     0     0     0     0     0
     5     0     0     0     3
     0     0     4     0     0
方向   下一位置   可通方向     可通路数
  1	(1,1)	2,3,4,	3
  2	(2,2)	1,2,4,5,7,	5
选定下一步方向  direction=1

第6步  当前位置: (1,1)
矩阵（5×5）：
     0     1     0     0     0
     0     6     0     2     0
     0     0     0     0     0
     5     0     0     0     3
     0     0     4     0     0
方向   下一位置   可通方向     可通路数
  2	(0,3)	4,5,	2
  3	(2,3)	1,4,6,8,	4
  4	(3,2)	2,3,6,7,	4
选定下一步方向  direction=2

第7步  当前位置: (0,3)
矩阵（5×5）：
     0     1     0     7     0
     0     6     0     2     0
     0     0     0     0     0
     5     0     0     0     3
     0     0     4     0     0
方向   下一位置   可通方向     可通路数
  4	(2,4)	5,6,7,	3
  5	(2,2)	2,4,5,7,	4
选定下一步方向  direction=4

第8步  当前位置: (2,4)
矩阵（5×5）：
     0     1     0     7     0
     0     6     0     2     0
     0     0     0     0     8
     5     0     0     0     3
     0     0     4     0     0
方向   下一位置   可通方向     可通路数
  5	(4,3)	7,8,	2
  6	(3,2)	3,6,7,	3
  7	(1,2)	2,4,5,6,7,	5
选定下一步方向  direction=5

第9步  当前位置: (4,3)
矩阵（5×5）：
     0     1     0     7     0
     0     6     0     2     0
     0     0     0     0     8
     5     0     0     0     3
     0     0     4     9     0
方向   下一位置   可通方向     可通路数
  7	(3,1)	1,2,8,	3
  8	(2,2)	2,5,7,	3
选定下一步方向  direction=7

第10步  当前位置: (3,1)
矩阵（5×5）：
     0     1     0     7     0
     0     6     0     2     0
     0     0     0     0     8
     5    10     0     0     3
     0     0     4     9     0
方向   下一位置   可通方向     可通路数
  1	(1,2)	2,4,6,7,	4
  2	(2,3)	1,4,8,	3
  8	(1,0)	2,3,	2
选定下一步方向  direction=8

第11步  当前位置: (1,0)
矩阵（5×5）：
     0     1     0     7     0
    11     6     0     2     0
     0     0     0     0     8
     5    10     0     0     3
     0     0     4     9     0
方向   下一位置   可通方向     可通路数
  2	(0,2)	3,4,5,	3
  3	(2,2)	2,5,	2
选定下一步方向  direction=3

第12步  当前位置: (2,2)
矩阵（5×5）：
     0     1     0     7     0
    11     6     0     2     0
     0     0    12     0     8
     5    10     0     0     3
     0     0     4     9     0
方向   下一位置   可通方向     可通路数
  2	(1,4)	5,7,	2
  5	(4,1)	2,8,	2
选定下一步方向  direction=2

第13步  当前位置: (1,4)
矩阵（5×5）：
     0     1     0     7     0
    11     6     0     2    13
     0     0    12     0     8
     5    10     0     0     3
     0     0     4     9     0
方向   下一位置   可通方向     可通路数
  5	(3,3)	6,7,8,	3
  7	(0,2)	4,5,	2
选定下一步方向  direction=7

第14步  当前位置: (0,2)
矩阵（5×5）：
     0     1    14     7     0
    11     6     0     2    13
     0     0    12     0     8
     5    10     0     0     3
     0     0     4     9     0
方向   下一位置   可通方向     可通路数
  4	(2,3)	1,4,	2
  5	(2,1)	3,5,8,	3
选定下一步方向  direction=4

第15步  当前位置: (2,3)
矩阵（5×5）：
     0     1    14     7     0
    11     6     0     2    13
     0     0    12    15     8
     5    10     0     0     3
     0     0     4     9     0
方向   下一位置   可通方向     可通路数
  1	(0,4)	6,	1
  4	(4,4)	7,	1
选定下一步方向  direction=1

第16步  当前位置: (0,4)
矩阵（5×5）：
     0     1    14     7    16
    11     6     0     2    13
     0     0    12    15     8
     5    10     0     0     3
     0     0     4     9     0
方向   下一位置   可通方向     可通路数
  6	(1,2)	4,6,7,	3
选定下一步方向  direction=6

第17步  当前位置: (1,2)
矩阵（5×5）：
     0     1    14     7    16
    11     6    17     2    13
     0     0    12    15     8
     5    10     0     0     3
     0     0     4     9     0
方向   下一位置   可通方向     可通路数
  4	(3,3)	6,7,	2
  6	(2,0)	3,4,	2
  7	(0,0)	4,	1
选定下一步方向  direction=7

第18步  当前位置: (0,0)
矩阵（5×5）：
    18     1    14     7    16
    11     6    17     2    13
     0     0    12    15     8
     5    10     0     0     3
     0     0     4     9     0
方向   下一位置   可通方向     可通路数
  4	(2,1)	3,5,	2
选定下一步方向  direction=4

第19步  当前位置: (2,1)
矩阵（5×5）：
    18     1    14     7    16
    11     6    17     2    13
     0    19    12    15     8
     5    10     0     0     3
     0     0     4     9     0
方向   下一位置   可通方向     可通路数
  3	(3,3)	6,	1
  5	(4,0)	2,	1
选定下一步方向  direction=3

第20步  当前位置: (3,3)
矩阵（5×5）：
    18     1    14     7    16
    11     6    17     2    13
     0    19    12    15     8
     5    10     0    20     3
     0     0     4     9     0
方向   下一位置   可通方向     可通路数
  6	(4,1)	8,	1
选定下一步方向  direction=6

第21步  当前位置: (4,1)
矩阵（5×5）：
    18     1    14     7    16
    11     6    17     2    13
     0    19    12    15     8
     5    10     0    20     3
     0    21     4     9     0
方向   下一位置   可通方向     可通路数
  8	(2,0)	3,	1
选定下一步方向  direction=8

第22步  当前位置: (2,0)
矩阵（5×5）：
    18     1    14     7    16
    11     6    17     2    13
    22    19    12    15     8
     5    10     0    20     3
     0    21     4     9     0
方向   下一位置   可通方向     可通路数
  3	(3,2)	3,6,	2
选定下一步方向  direction=3

第23步  当前位置: (3,2)
矩阵（5×5）：
    18     1    14     7    16
    11     6    17     2    13
    22    19    12    15     8
     5    10    23    20     3
     0    21     4     9     0
方向   下一位置   可通方向     可通路数
  3	(4,4)		0
  6	(4,0)		0
选定下一步方向  direction=3

第24步  当前位置: (4,4)
矩阵（5×5）：
    18     1    14     7    16
    11     6    17     2    13
    22    19    12    15     8
     5    10    23    20     3
     0    21     4     9    24
方向   下一位置   可通方向     可通路数
请按任意键继续. . . 
选定下一步方向  direction=0

第24步无路可通!
