第1步  当前位置: (4,3)
矩阵（8×8）：
     0     0     0     0     0     0     0     0
     0     0     0     0     0     0     0     0
     0     0     0     0     0     0     0     0
     0     0     0     0     0     0     0     0
     0     0     0     1     0     0     0     0
     0     0     0     0     0     0     0     0
     0     0     0     0     0     0     0     0
     0     0     0     0     0     0     0     0
方向   下一位置   可通方向     可通路数
  1	(2,4)	1,2,3,4,6,7,8,	7
  2	(3,5)	1,2,3,4,5,7,8,	7
  3	(5,5)	1,2,3,4,5,6,8,	7
  4	(6,4)	1,2,3,6,7,	5
  5	(6,2)	2,3,6,7,8,	5
  6	(5,1)	1,3,4,5,8,	5
  7	(3,1)	1,2,4,5,8,	5
  8	(2,2)	1,2,3,5,6,7,8,	7
选定下一步方向  direction=4
第2步  当前位置: (6,4)
矩阵（8×8）：
     0     0     0     0     0     0     0     0
     0     0     0     0     0     0     0     0
     0     0     0     0     0     0     0     0
     0     0     0     0     0     0     0     0
     0     0     0     1     0     0     0     0
     0     0     0     0     0     0     0     0
     0     0     0     0     2     0     0     0
     0     0     0     0     0     0     0     0
方向   下一位置   可通方向     可通路数
  1	(4,5)	1,2,3,4,6,7,8,	7
  2	(5,6)	1,4,5,7,8,	5
  3	(7,6)	1,8,	2
  6	(7,2)	1,7,8,	3
  7	(5,2)	1,2,4,5,6,7,8,	7
选定下一步方向  direction=3
第3步  当前位置: (7,6)
矩阵（8×8）：
     0     0     0     0     0     0     0     0
     0     0     0     0     0     0     0     0
     0     0     0     0     0     0     0     0
     0     0     0     0     0     0     0     0
     0     0     0     1     0     0     0     0
     0     0     0     0     0     0     0     0
     0     0     0     0     2     0     0     0
     0     0     0     0     0     0     3     0
方向   下一位置   可通方向     可通路数
  1	(5,7)	6,7,8,	3
  8	(5,5)	1,2,3,5,6,8,	6
选定下一步方向  direction=1
第4步  当前位置: (5,7)
矩阵（8×8）：
     0     0     0     0     0     0     0     0
     0     0     0     0     0     0     0     0
     0     0     0     0     0     0     0     0
     0     0     0     0     0     0     0     0
     0     0     0     1     0     0     0     0
     0     0     0     0     0     0     0     4
     0     0     0     0     2     0     0     0
     0     0     0     0     0     0     3     0
方向   下一位置   可通方向     可通路数
  6	(6,5)	1,3,6,7,8,	5
  7	(4,5)	1,2,4,6,7,8,	6
  8	(3,6)	1,5,6,7,8,	5
选定下一步方向  direction=6
第5步  当前位置: (6,5)
矩阵（8×8）：
     0     0     0     0     0     0     0     0
     0     0     0     0     0     0     0     0
     0     0     0     0     0     0     0     0
     0     0     0     0     0     0     0     0
     0     0     0     1     0     0     0     0
     0     0     0     0     0     0     0     4
     0     0     0     0     2     5     0     0
     0     0     0     0     0     0     3     0
方向   下一位置   可通方向     可通路数
  1	(4,6)	1,4,6,7,8,	5
  3	(7,7)	8,	1
  6	(7,3)	1,7,8,	3
  7	(5,3)	1,2,4,5,6,7,8,	7
  8	(4,4)	1,2,3,5,6,7,8,	7
选定下一步方向  direction=3
第6步  当前位置: (7,7)
矩阵（8×8）：
     0     0     0     0     0     0     0     0
     0     0     0     0     0     0     0     0
     0     0     0     0     0     0     0     0
     0     0     0     0     0     0     0     0
     0     0     0     1     0     0     0     0
     0     0     0     0     0     0     0     4
     0     0     0     0     2     5     0     0
     0     0     0     0     0     0     3     6
方向   下一位置   可通方向     可通路数
  8	(5,6)	1,5,7,8,	4
选定下一步方向  direction=8
第7步  当前位置: (5,6)
矩阵（8×8）：
     0     0     0     0     0     0     0     0
     0     0     0     0     0     0     0     0
     0     0     0     0     0     0     0     0
     0     0     0     0     0     0     0     0
     0     0     0     1     0     0     0     0
     0     0     0     0     0     0     7     4
     0     0     0     0     2     5     0     0
     0     0     0     0     0     0     3     6
方向   下一位置   可通方向     可通路数
  1	(3,7)	6,7,8,	3
  5	(7,5)	2,7,8,	3
  7	(4,4)	1,2,5,6,7,8,	6
  8	(3,5)	1,2,3,5,7,8,	6
选定下一步方向  direction=1
第8步  当前位置: (3,7)
矩阵（8×8）：
     0     0     0     0     0     0     0     0
     0     0     0     0     0     0     0     0
     0     0     0     0     0     0     0     0
     0     0     0     0     0     0     0     8
     0     0     0     1     0     0     0     0
     0     0     0     0     0     0     7     4
     0     0     0     0     2     5     0     0
     0     0     0     0     0     0     3     6
方向   下一位置   可通方向     可通路数
  6	(4,5)	1,4,6,7,8,	5
  7	(2,5)	1,2,4,5,6,7,8,	7
  8	(1,6)	5,6,7,	3
选定下一步方向  direction=8
第9步  当前位置: (1,6)
矩阵（8×8）：
     0     0     0     0     0     0     0     0
     0     0     0     0     0     0     9     0
     0     0     0     0     0     0     0     0
     0     0     0     0     0     0     0     8
     0     0     0     1     0     0     0     0
     0     0     0     0     0     0     7     4
     0     0     0     0     2     5     0     0
     0     0     0     0     0     0     3     6
方向   下一位置   可通方向     可通路数
  5	(3,5)	2,3,5,7,8,	5
  6	(2,4)	1,3,4,6,7,8,	6
  7	(0,4)	4,5,6,	3
选定下一步方向  direction=7
第10步  当前位置: (0,4)
矩阵（8×8）：
     0     0     0     0    10     0     0     0
     0     0     0     0     0     0     9     0
     0     0     0     0     0     0     0     0
     0     0     0     0     0     0     0     8
     0     0     0     1     0     0     0     0
     0     0     0     0     0     0     7     4
     0     0     0     0     2     5     0     0
     0     0     0     0     0     0     3     6
方向   下一位置   可通方向     可通路数
  4	(2,5)	1,2,4,5,6,7,	6
  5	(2,3)	2,3,4,5,6,7,8,	7
  6	(1,2)	3,4,5,6,7,	5
选定下一步方向  direction=6
第11步  当前位置: (1,2)
矩阵（8×8）：
     0     0     0     0    10     0     0     0
     0     0    11     0     0     0     9     0
     0     0     0     0     0     0     0     0
     0     0     0     0     0     0     0     8
     0     0     0     1     0     0     0     0
     0     0     0     0     0     0     7     4
     0     0     0     0     2     5     0     0
     0     0     0     0     0     0     3     6
方向   下一位置   可通方向     可通路数
  3	(2,4)	1,3,4,6,8,	5
  4	(3,3)	1,2,3,4,5,6,7,	7
  5	(3,1)	2,4,5,8,	4
  6	(2,0)	1,3,4,	3
  7	(0,0)	4,	1
选定下一步方向  direction=7
第12步  当前位置: (0,0)
矩阵（8×8）：
    12     0     0     0    10     0     0     0
     0     0    11     0     0     0     9     0
     0     0     0     0     0     0     0     0
     0     0     0     0     0     0     0     8
     0     0     0     1     0     0     0     0
     0     0     0     0     0     0     7     4
     0     0     0     0     2     5     0     0
     0     0     0     0     0     0     3     6
方向   下一位置   可通方向     可通路数
  4	(2,1)	1,2,3,4,5,	5
选定下一步方向  direction=4
第13步  当前位置: (2,1)
矩阵（8×8）：
    12     0     0     0    10     0     0     0
     0     0    11     0     0     0     9     0
     0    13     0     0     0     0     0     0
     0     0     0     0     0     0     0     8
     0     0     0     1     0     0     0     0
     0     0     0     0     0     0     7     4
     0     0     0     0     2     5     0     0
     0     0     0     0     0     0     3     6
方向   下一位置   可通方向     可通路数
  1	(0,2)	3,4,6,	3
  2	(1,3)	2,3,4,5,7,	5
  3	(3,3)	1,2,3,4,5,6,	6
  4	(4,2)	1,2,3,4,5,6,7,	7
  5	(4,0)	2,3,4,	3
选定下一步方向  direction=1
第14步  当前位置: (0,2)
矩阵（8×8）：
    12     0    14     0    10     0     0     0
     0     0    11     0     0     0     9     0
     0    13     0     0     0     0     0     0
     0     0     0     0     0     0     0     8
     0     0     0     1     0     0     0     0
     0     0     0     0     0     0     7     4
     0     0     0     0     2     5     0     0
     0     0     0     0     0     0     3     6
方向   下一位置   可通方向     可通路数
  3	(1,4)	2,3,4,5,6,	5
  4	(2,3)	2,3,4,5,6,7,	6
  6	(1,0)	3,4,	2
选定下一步方向  direction=6
第15步  当前位置: (1,0)
矩阵（8×8）：
    12     0    14     0    10     0     0     0
    15     0    11     0     0     0     9     0
     0    13     0     0     0     0     0     0
     0     0     0     0     0     0     0     8
     0     0     0     1     0     0     0     0
     0     0     0     0     0     0     7     4
     0     0     0     0     2     5     0     0
     0     0     0     0     0     0     3     6
方向   下一位置   可通方向     可通路数
  3	(2,2)	1,2,3,5,6,8,	6
  4	(3,1)	2,4,5,	3
选定下一步方向  direction=4
第16步  当前位置: (3,1)
矩阵（8×8）：
    12     0    14     0    10     0     0     0
    15     0    11     0     0     0     9     0
     0    13     0     0     0     0     0     0
     0    16     0     0     0     0     0     8
     0     0     0     1     0     0     0     0
     0     0     0     0     0     0     7     4
     0     0     0     0     2     5     0     0
     0     0     0     0     0     0     3     6
方向   下一位置   可通方向     可通路数
  2	(2,3)	2,3,4,5,7,	5
  4	(5,2)	1,2,4,5,6,7,	6
  5	(5,0)	2,3,4,	3
选定下一步方向  direction=5
第17步  当前位置: (5,0)
矩阵（8×8）：
    12     0    14     0    10     0     0     0
    15     0    11     0     0     0     9     0
     0    13     0     0     0     0     0     0
     0    16     0     0     0     0     0     8
     0     0     0     1     0     0     0     0
    17     0     0     0     0     0     7     4
     0     0     0     0     2     5     0     0
     0     0     0     0     0     0     3     6
方向   下一位置   可通方向     可通路数
  2	(4,2)	1,2,3,4,5,7,	6
  3	(6,2)	2,3,6,8,	4
  4	(7,1)	1,2,	2
选定下一步方向  direction=4
第18步  当前位置: (7,1)
矩阵（8×8）：
    12     0    14     0    10     0     0     0
    15     0    11     0     0     0     9     0
     0    13     0     0     0     0     0     0
     0    16     0     0     0     0     0     8
     0     0     0     1     0     0     0     0
    17     0     0     0     0     0     7     4
     0     0     0     0     2     5     0     0
     0    18     0     0     0     0     3     6
方向   下一位置   可通方向     可通路数
  1	(5,2)	1,2,4,6,7,	5
  2	(6,3)	1,2,3,7,8,	5
选定下一步方向  direction=1
第19步  当前位置: (5,2)
矩阵（8×8）：
    12     0    14     0    10     0     0     0
    15     0    11     0     0     0     9     0
     0    13     0     0     0     0     0     0
     0    16     0     0     0     0     0     8
     0     0     0     1     0     0     0     0
    17     0    19     0     0     0     7     4
     0     0     0     0     2     5     0     0
     0    18     0     0     0     0     3     6
方向   下一位置   可通方向     可通路数
  1	(3,3)	1,2,3,4,6,	5
  2	(4,4)	1,2,5,7,8,	5
  4	(7,3)	1,7,	2
  6	(6,0)	1,3,	2
  7	(4,0)	2,4,	2
选定下一步方向  direction=4
第20步  当前位置: (7,3)
矩阵（8×8）：
    12     0    14     0    10     0     0     0
    15     0    11     0     0     0     9     0
     0    13     0     0     0     0     0     0
     0    16     0     0     0     0     0     8
     0     0     0     1     0     0     0     0
    17     0    19     0     0     0     7     4
     0     0     0     0     2     5     0     0
     0    18     0    20     0     0     3     6
方向   下一位置   可通方向     可通路数
  1	(5,4)	1,2,3,4,6,7,8,	7
  7	(6,1)	1,2,8,	3
选定下一步方向  direction=7
第21步  当前位置: (6,1)
矩阵（8×8）：
    12     0    14     0    10     0     0     0
    15     0    11     0     0     0     9     0
     0    13     0     0     0     0     0     0
     0    16     0     0     0     0     0     8
     0     0     0     1     0     0     0     0
    17     0    19     0     0     0     7     4
     0    21     0     0     2     5     0     0
     0    18     0    20     0     0     3     6
方向   下一位置   可通方向     可通路数
  1	(4,2)	1,2,3,4,7,	5
  2	(5,3)	1,2,4,5,7,8,	6
  8	(4,0)	2,	1
选定下一步方向  direction=8
第22步  当前位置: (4,0)
矩阵（8×8）：
    12     0    14     0    10     0     0     0
    15     0    11     0     0     0     9     0
     0    13     0     0     0     0     0     0
     0    16     0     0     0     0     0     8
    22     0     0     1     0     0     0     0
    17     0    19     0     0     0     7     4
     0    21     0     0     2     5     0     0
     0    18     0    20     0     0     3     6
方向   下一位置   可通方向     可通路数
  2	(3,2)	1,2,3,4,5,7,8,	7
选定下一步方向  direction=2
第23步  当前位置: (3,2)
矩阵（8×8）：
    12     0    14     0    10     0     0     0
    15     0    11     0     0     0     9     0
     0    13     0     0     0     0     0     0
     0    16    23     0     0     0     0     8
    22     0     0     1     0     0     0     0
    17     0    19     0     0     0     7     4
     0    21     0     0     2     5     0     0
     0    18     0    20     0     0     3     6
方向   下一位置   可通方向     可通路数
  1	(1,3)	2,3,4,7,	4
  2	(2,4)	1,3,4,8,	4
  3	(4,4)	1,2,5,8,	4
  4	(5,3)	1,2,4,5,7,	5
  5	(5,1)	3,4,5,8,	4
  7	(2,0)	1,4,	2
  8	(1,1)	2,3,5,	3
选定下一步方向  direction=7
第24步  当前位置: (2,0)
矩阵（8×8）：
    12     0    14     0    10     0     0     0
    15     0    11     0     0     0     9     0
    24    13     0     0     0     0     0     0
     0    16    23     0     0     0     0     8
    22     0     0     1     0     0     0     0
    17     0    19     0     0     0     7     4
     0    21     0     0     2     5     0     0
     0    18     0    20     0     0     3     6
方向   下一位置   可通方向     可通路数
  1	(0,1)	3,4,	2
  4	(4,1)	1,2,3,4,5,	5
选定下一步方向  direction=1
第25步  当前位置: (0,1)
矩阵（8×8）：
    12    25    14     0    10     0     0     0
    15     0    11     0     0     0     9     0
    24    13     0     0     0     0     0     0
     0    16    23     0     0     0     0     8
    22     0     0     1     0     0     0     0
    17     0    19     0     0     0     7     4
     0    21     0     0     2     5     0     0
     0    18     0    20     0     0     3     6
方向   下一位置   可通方向     可通路数
  3	(1,3)	2,3,4,	3
  4	(2,2)	1,2,3,5,6,	5
选定下一步方向  direction=3
第26步  当前位置: (1,3)
矩阵（8×8）：
    12    25    14     0    10     0     0     0
    15     0    11    26     0     0     9     0
    24    13     0     0     0     0     0     0
     0    16    23     0     0     0     0     8
    22     0     0     1     0     0     0     0
    17     0    19     0     0     0     7     4
     0    21     0     0     2     5     0     0
     0    18     0    20     0     0     3     6
方向   下一位置   可通方向     可通路数
  2	(0,5)	3,4,5,	3
  3	(2,5)	1,2,4,5,6,	5
  4	(3,4)	1,2,3,4,5,6,7,	7
选定下一步方向  direction=2
第27步  当前位置: (0,5)
矩阵（8×8）：
    12    25    14     0    10    27     0     0
    15     0    11    26     0     0     9     0
    24    13     0     0     0     0     0     0
     0    16    23     0     0     0     0     8
    22     0     0     1     0     0     0     0
    17     0    19     0     0     0     7     4
     0    21     0     0     2     5     0     0
     0    18     0    20     0     0     3     6
方向   下一位置   可通方向     可通路数
  3	(1,7)	5,6,	2
  4	(2,6)	1,4,5,6,7,	5
  5	(2,4)	3,4,8,	3
选定下一步方向  direction=3
第28步  当前位置: (1,7)
矩阵（8×8）：
    12    25    14     0    10    27     0     0
    15     0    11    26     0     0     9    28
    24    13     0     0     0     0     0     0
     0    16    23     0     0     0     0     8
    22     0     0     1     0     0     0     0
    17     0    19     0     0     0     7     4
     0    21     0     0     2     5     0     0
     0    18     0    20     0     0     3     6
方向   下一位置   可通方向     可通路数
  5	(3,6)	5,6,7,8,	4
  6	(2,5)	1,4,5,6,	4
选定下一步方向  direction=5
第29步  当前位置: (3,6)
矩阵（8×8）：
    12    25    14     0    10    27     0     0
    15     0    11    26     0     0     9    28
    24    13     0     0     0     0     0     0
     0    16    23     0     0     0    29     8
    22     0     0     1     0     0     0     0
    17     0    19     0     0     0     7     4
     0    21     0     0     2     5     0     0
     0    18     0    20     0     0     3     6
方向   下一位置   可通方向     可通路数
  5	(5,5)	2,3,5,6,8,	5
  6	(4,4)	1,5,8,	3
  7	(2,4)	4,8,	2
  8	(1,5)	2,3,5,6,7,	5
选定下一步方向  direction=7
第30步  当前位置: (2,4)
矩阵（8×8）：
    12    25    14     0    10    27     0     0
    15     0    11    26     0     0     9    28
    24    13     0     0    30     0     0     0
     0    16    23     0     0     0    29     8
    22     0     0     1     0     0     0     0
    17     0    19     0     0     0     7     4
     0    21     0     0     2     5     0     0
     0    18     0    20     0     0     3     6
方向   下一位置   可通方向     可通路数
  4	(4,5)	1,4,6,7,	4
  8	(0,3)	3,5,6,	3
选定下一步方向  direction=8
第31步  当前位置: (0,3)
矩阵（8×8）：
    12    25    14    31    10    27     0     0
    15     0    11    26     0     0     9    28
    24    13     0     0    30     0     0     0
     0    16    23     0     0     0    29     8
    22     0     0     1     0     0     0     0
    17     0    19     0     0     0     7     4
     0    21     0     0     2     5     0     0
     0    18     0    20     0     0     3     6
方向   下一位置   可通方向     可通路数
  3	(1,5)	2,3,5,6,	4
  5	(2,2)	2,3,5,6,	4
  6	(1,1)	3,5,	2
选定下一步方向  direction=6
第32步  当前位置: (1,1)
矩阵（8×8）：
    12    25    14    31    10    27     0     0
    15    32    11    26     0     0     9    28
    24    13     0     0    30     0     0     0
     0    16    23     0     0     0    29     8
    22     0     0     1     0     0     0     0
    17     0    19     0     0     0     7     4
     0    21     0     0     2     5     0     0
     0    18     0    20     0     0     3     6
方向   下一位置   可通方向     可通路数
  3	(2,3)	2,3,4,5,	4
  5	(3,0)	2,3,4,	3
选定下一步方向  direction=5
第33步  当前位置: (3,0)
矩阵（8×8）：
    12    25    14    31    10    27     0     0
    15    32    11    26     0     0     9    28
    24    13     0     0    30     0     0     0
    33    16    23     0     0     0    29     8
    22     0     0     1     0     0     0     0
    17     0    19     0     0     0     7     4
     0    21     0     0     2     5     0     0
     0    18     0    20     0     0     3     6
方向   下一位置   可通方向     可通路数
  2	(2,2)	2,3,5,	3
  3	(4,2)	1,2,3,4,	4
  4	(5,1)	3,4,5,	3
选定下一步方向  direction=2
第34步  当前位置: (2,2)
矩阵（8×8）：
    12    25    14    31    10    27     0     0
    15    32    11    26     0     0     9    28
    24    13    34     0    30     0     0     0
    33    16    23     0     0     0    29     8
    22     0     0     1     0     0     0     0
    17     0    19     0     0     0     7     4
     0    21     0     0     2     5     0     0
     0    18     0    20     0     0     3     6
方向   下一位置   可通方向     可通路数
  2	(1,4)	2,3,4,5,	4
  3	(3,4)	1,2,3,4,5,6,	6
  5	(4,1)	2,3,4,5,	4
选定下一步方向  direction=2
第35步  当前位置: (1,4)
矩阵（8×8）：
    12    25    14    31    10    27     0     0
    15    32    11    26    35     0     9    28
    24    13    34     0    30     0     0     0
    33    16    23     0     0     0    29     8
    22     0     0     1     0     0     0     0
    17     0    19     0     0     0     7     4
     0    21     0     0     2     5     0     0
     0    18     0    20     0     0     3     6
方向   下一位置   可通方向     可通路数
  2	(0,6)	4,5,	2
  3	(2,6)	1,4,5,6,	4
  4	(3,5)	2,3,5,7,	4
  5	(3,3)	2,3,4,6,	4
选定下一步方向  direction=2
第36步  当前位置: (0,6)
矩阵（8×8）：
    12    25    14    31    10    27    36     0
    15    32    11    26    35     0     9    28
    24    13    34     0    30     0     0     0
    33    16    23     0     0     0    29     8
    22     0     0     1     0     0     0     0
    17     0    19     0     0     0     7     4
     0    21     0     0     2     5     0     0
     0    18     0    20     0     0     3     6
方向   下一位置   可通方向     可通路数
  4	(2,7)	5,6,7,	3
  5	(2,5)	4,5,6,	3
选定下一步方向  direction=4
第37步  当前位置: (2,7)
矩阵（8×8）：
    12    25    14    31    10    27    36     0
    15    32    11    26    35     0     9    28
    24    13    34     0    30     0     0    37
    33    16    23     0     0     0    29     8
    22     0     0     1     0     0     0     0
    17     0    19     0     0     0     7     4
     0    21     0     0     2     5     0     0
     0    18     0    20     0     0     3     6
方向   下一位置   可通方向     可通路数
  5	(4,6)	4,6,7,8,	4
  6	(3,5)	3,5,7,	3
  7	(1,5)	2,5,6,	3
选定下一步方向  direction=6
第38步  当前位置: (3,5)
矩阵（8×8）：
    12    25    14    31    10    27    36     0
    15    32    11    26    35     0     9    28
    24    13    34     0    30     0     0    37
    33    16    23     0     0    38    29     8
    22     0     0     1     0     0     0     0
    17     0    19     0     0     0     7     4
     0    21     0     0     2     5     0     0
     0    18     0    20     0     0     3     6
方向   下一位置   可通方向     可通路数
  3	(4,7)	5,6,8,	3
  5	(5,4)	2,3,4,6,7,8,	6
  7	(2,3)	2,4,5,	3
选定下一步方向  direction=3
第39步  当前位置: (4,7)
矩阵（8×8）：
    12    25    14    31    10    27    36     0
    15    32    11    26    35     0     9    28
    24    13    34     0    30     0     0    37
    33    16    23     0     0    38    29     8
    22     0     0     1     0     0     0    39
    17     0    19     0     0     0     7     4
     0    21     0     0     2     5     0     0
     0    18     0    20     0     0     3     6
方向   下一位置   可通方向     可通路数
  5	(6,6)	6,7,8,	3
  6	(5,5)	3,5,6,8,	4
  8	(2,6)	1,5,6,	3
选定下一步方向  direction=5
第40步  当前位置: (6,6)
矩阵（8×8）：
    12    25    14    31    10    27    36     0
    15    32    11    26    35     0     9    28
    24    13    34     0    30     0     0    37
    33    16    23     0     0    38    29     8
    22     0     0     1     0     0     0    39
    17     0    19     0     0     0     7     4
     0    21     0     0     2     5    40     0
     0    18     0    20     0     0     3     6
方向   下一位置   可通方向     可通路数
  6	(7,4)	1,7,8,	3
  7	(5,4)	2,4,6,7,8,	5
  8	(4,5)	1,6,7,	3
选定下一步方向  direction=6
第41步  当前位置: (7,4)
矩阵（8×8）：
    12    25    14    31    10    27    36     0
    15    32    11    26    35     0     9    28
    24    13    34     0    30     0     0    37
    33    16    23     0     0    38    29     8
    22     0     0     1     0     0     0    39
    17     0    19     0     0     0     7     4
     0    21     0     0     2     5    40     0
     0    18     0    20    41     0     3     6
方向   下一位置   可通方向     可通路数
  1	(5,5)	3,6,8,	3
  7	(6,2)	2,6,8,	3
  8	(5,3)	1,2,5,7,	4
选定下一步方向  direction=1
第42步  当前位置: (5,5)
矩阵（8×8）：
    12    25    14    31    10    27    36     0
    15    32    11    26    35     0     9    28
    24    13    34     0    30     0     0    37
    33    16    23     0     0    38    29     8
    22     0     0     1     0     0     0    39
    17     0    19     0     0    42     7     4
     0    21     0     0     2     5    40     0
     0    18     0    20    41     0     3     6
方向   下一位置   可通方向     可通路数
  3	(6,7)	6,8,	2
  6	(6,3)	1,3,7,8,	4
  8	(3,4)	1,2,3,5,6,	5
选定下一步方向  direction=3
第43步  当前位置: (6,7)
矩阵（8×8）：
    12    25    14    31    10    27    36     0
    15    32    11    26    35     0     9    28
    24    13    34     0    30     0     0    37
    33    16    23     0     0    38    29     8
    22     0     0     1     0     0     0    39
    17     0    19     0     0    42     7     4
     0    21     0     0     2     5    40    43
     0    18     0    20    41     0     3     6
方向   下一位置   可通方向     可通路数
  6	(7,5)	7,8,	2
  8	(4,6)	6,7,8,	3
选定下一步方向  direction=6
第44步  当前位置: (7,5)
矩阵（8×8）：
    12    25    14    31    10    27    36     0
    15    32    11    26    35     0     9    28
    24    13    34     0    30     0     0    37
    33    16    23     0     0    38    29     8
    22     0     0     1     0     0     0    39
    17     0    19     0     0    42     7     4
     0    21     0     0     2     5    40    43
     0    18     0    20    41    44     3     6
方向   下一位置   可通方向     可通路数
  7	(6,3)	1,7,8,	3
  8	(5,4)	2,6,7,8,	4
选定下一步方向  direction=7
第45步  当前位置: (6,3)
矩阵（8×8）：
    12    25    14    31    10    27    36     0
    15    32    11    26    35     0     9    28
    24    13    34     0    30     0     0    37
    33    16    23     0     0    38    29     8
    22     0     0     1     0     0     0    39
    17     0    19     0     0    42     7     4
     0    21     0    45     2     5    40    43
     0    18     0    20    41    44     3     6
方向   下一位置   可通方向     可通路数
  1	(4,4)	1,8,	2
  7	(5,1)	4,5,	2
  8	(4,2)	1,2,3,	3
选定下一步方向  direction=1
第46步  当前位置: (4,4)
矩阵（8×8）：
    12    25    14    31    10    27    36     0
    15    32    11    26    35     0     9    28
    24    13    34     0    30     0     0    37
    33    16    23     0     0    38    29     8
    22     0     0     1    46     0     0    39
    17     0    19     0     0    42     7     4
     0    21     0    45     2     5    40    43
     0    18     0    20    41    44     3     6
方向   下一位置   可通方向     可通路数
  1	(2,5)	4,6,	2
  8	(2,3)	2,5,	2
选定下一步方向  direction=1
第47步  当前位置: (2,5)
矩阵（8×8）：
    12    25    14    31    10    27    36     0
    15    32    11    26    35     0     9    28
    24    13    34     0    30    47     0    37
    33    16    23     0     0    38    29     8
    22     0     0     1    46     0     0    39
    17     0    19     0     0    42     7     4
     0    21     0    45     2     5    40    43
     0    18     0    20    41    44     3     6
方向   下一位置   可通方向     可通路数
  4	(4,6)	6,7,	2
  6	(3,3)	3,4,6,	3
选定下一步方向  direction=4
第48步  当前位置: (4,6)
矩阵（8×8）：
    12    25    14    31    10    27    36     0
    15    32    11    26    35     0     9    28
    24    13    34     0    30    47     0    37
    33    16    23     0     0    38    29     8
    22     0     0     1    46     0    48    39
    17     0    19     0     0    42     7     4
     0    21     0    45     2     5    40    43
     0    18     0    20    41    44     3     6
方向   下一位置   可通方向     可通路数
  6	(5,4)	6,7,8,	3
  7	(3,4)	1,2,5,6,	4
选定下一步方向  direction=6
第49步  当前位置: (5,4)
矩阵（8×8）：
    12    25    14    31    10    27    36     0
    15    32    11    26    35     0     9    28
    24    13    34     0    30    47     0    37
    33    16    23     0     0    38    29     8
    22     0     0     1    46     0    48    39
    17     0    19     0    49    42     7     4
     0    21     0    45     2     5    40    43
     0    18     0    20    41    44     3     6
方向   下一位置   可通方向     可通路数
  6	(6,2)	6,8,	2
  7	(4,2)	1,2,	2
  8	(3,3)	3,6,	2
选定下一步方向  direction=6
第50步  当前位置: (6,2)
矩阵（8×8）：
    12    25    14    31    10    27    36     0
    15    32    11    26    35     0     9    28
    24    13    34     0    30    47     0    37
    33    16    23     0     0    38    29     8
    22     0     0     1    46     0    48    39
    17     0    19     0    49    42     7     4
     0    21    50    45     2     5    40    43
     0    18     0    20    41    44     3     6
方向   下一位置   可通方向     可通路数
  6	(7,0)	1,	1
  8	(4,1)	2,3,5,	3
选定下一步方向  direction=6
第51步  当前位置: (7,0)
矩阵（8×8）：
    12    25    14    31    10    27    36     0
    15    32    11    26    35     0     9    28
    24    13    34     0    30    47     0    37
    33    16    23     0     0    38    29     8
    22     0     0     1    46     0    48    39
    17     0    19     0    49    42     7     4
     0    21    50    45     2     5    40    43
    51    18     0    20    41    44     3     6
方向   下一位置   可通方向     可通路数
  1	(5,1)	4,	1
选定下一步方向  direction=1
第52步  当前位置: (5,1)
矩阵（8×8）：
    12    25    14    31    10    27    36     0
    15    32    11    26    35     0     9    28
    24    13    34     0    30    47     0    37
    33    16    23     0     0    38    29     8
    22     0     0     1    46     0    48    39
    17    52    19     0    49    42     7     4
     0    21    50    45     2     5    40    43
    51    18     0    20    41    44     3     6
方向   下一位置   可通方向     可通路数
  4	(7,2)	1,7,	2
选定下一步方向  direction=4
第53步  当前位置: (7,2)
矩阵（8×8）：
    12    25    14    31    10    27    36     0
    15    32    11    26    35     0     9    28
    24    13    34     0    30    47     0    37
    33    16    23     0     0    38    29     8
    22     0     0     1    46     0    48    39
    17    52    19     0    49    42     7     4
     0    21    50    45     2     5    40    43
    51    18    53    20    41    44     3     6
方向   下一位置   可通方向     可通路数
  1	(5,3)	1,2,7,	3
  7	(6,0)	1,	1
选定下一步方向  direction=7
第54步  当前位置: (6,0)
矩阵（8×8）：
    12    25    14    31    10    27    36     0
    15    32    11    26    35     0     9    28
    24    13    34     0    30    47     0    37
    33    16    23     0     0    38    29     8
    22     0     0     1    46     0    48    39
    17    52    19     0    49    42     7     4
    54    21    50    45     2     5    40    43
    51    18    53    20    41    44     3     6
方向   下一位置   可通方向     可通路数
  1	(4,1)	2,3,	2
选定下一步方向  direction=1
第55步  当前位置: (4,1)
矩阵（8×8）：
    12    25    14    31    10    27    36     0
    15    32    11    26    35     0     9    28
    24    13    34     0    30    47     0    37
    33    16    23     0     0    38    29     8
    22    55     0     1    46     0    48    39
    17    52    19     0    49    42     7     4
    54    21    50    45     2     5    40    43
    51    18    53    20    41    44     3     6
方向   下一位置   可通方向     可通路数
  2	(3,3)	3,	1
  3	(5,3)	1,2,	2
选定下一步方向  direction=2
第56步  当前位置: (3,3)
矩阵（8×8）：
    12    25    14    31    10    27    36     0
    15    32    11    26    35     0     9    28
    24    13    34     0    30    47     0    37
    33    16    23    56     0    38    29     8
    22    55     0     1    46     0    48    39
    17    52    19     0    49    42     7     4
    54    21    50    45     2     5    40    43
    51    18    53    20    41    44     3     6
方向   下一位置   可通方向     可通路数
  3	(4,5)	1,6,	2
选定下一步方向  direction=3
第57步  当前位置: (4,5)
矩阵（8×8）：
    12    25    14    31    10    27    36     0
    15    32    11    26    35     0     9    28
    24    13    34     0    30    47     0    37
    33    16    23    56     0    38    29     8
    22    55     0     1    46    57    48    39
    17    52    19     0    49    42     7     4
    54    21    50    45     2     5    40    43
    51    18    53    20    41    44     3     6
方向   下一位置   可通方向     可通路数
  1	(2,6)	1,6,	2
  6	(5,3)	1,	1
选定下一步方向  direction=6
第58步  当前位置: (5,3)
矩阵（8×8）：
    12    25    14    31    10    27    36     0
    15    32    11    26    35     0     9    28
    24    13    34     0    30    47     0    37
    33    16    23    56     0    38    29     8
    22    55     0     1    46    57    48    39
    17    52    19    58    49    42     7     4
    54    21    50    45     2     5    40    43
    51    18    53    20    41    44     3     6
方向   下一位置   可通方向     可通路数
  1	(3,4)	1,2,6,	3
选定下一步方向  direction=1
第59步  当前位置: (3,4)
矩阵（8×8）：
    12    25    14    31    10    27    36     0
    15    32    11    26    35     0     9    28
    24    13    34     0    30    47     0    37
    33    16    23    56    59    38    29     8
    22    55     0     1    46    57    48    39
    17    52    19    58    49    42     7     4
    54    21    50    45     2     5    40    43
    51    18    53    20    41    44     3     6
方向   下一位置   可通方向     可通路数
  1	(1,5)	2,6,	2
  2	(2,6)	1,	1
  6	(4,2)	1,	1
选定下一步方向  direction=2
第60步  当前位置: (2,6)
矩阵（8×8）：
    12    25    14    31    10    27    36     0
    15    32    11    26    35     0     9    28
    24    13    34     0    30    47    60    37
    33    16    23    56    59    38    29     8
    22    55     0     1    46    57    48    39
    17    52    19    58    49    42     7     4
    54    21    50    45     2     5    40    43
    51    18    53    20    41    44     3     6
方向   下一位置   可通方向     可通路数
  1	(0,7)	6,	1
选定下一步方向  direction=1
第61步  当前位置: (0,7)
矩阵（8×8）：
    12    25    14    31    10    27    36    61
    15    32    11    26    35     0     9    28
    24    13    34     0    30    47    60    37
    33    16    23    56    59    38    29     8
    22    55     0     1    46    57    48    39
    17    52    19    58    49    42     7     4
    54    21    50    45     2     5    40    43
    51    18    53    20    41    44     3     6
方向   下一位置   可通方向     可通路数
  6	(1,5)	6,	1
选定下一步方向  direction=6
第62步  当前位置: (1,5)
矩阵（8×8）：
    12    25    14    31    10    27    36    61
    15    32    11    26    35    62     9    28
    24    13    34     0    30    47    60    37
    33    16    23    56    59    38    29     8
    22    55     0     1    46    57    48    39
    17    52    19    58    49    42     7     4
    54    21    50    45     2     5    40    43
    51    18    53    20    41    44     3     6
方向   下一位置   可通方向     可通路数
  6	(2,3)	5,	1
选定下一步方向  direction=6
第63步  当前位置: (2,3)
矩阵（8×8）：
    12    25    14    31    10    27    36    61
    15    32    11    26    35    62     9    28
    24    13    34    63    30    47    60    37
    33    16    23    56    59    38    29     8
    22    55     0     1    46    57    48    39
    17    52    19    58    49    42     7     4
    54    21    50    45     2     5    40    43
    51    18    53    20    41    44     3     6
方向   下一位置   可通方向     可通路数
  5	(4,2)		0
选定下一步方向  direction=5
第64步  当前位置: (4,2)
矩阵（8×8）：
    12    25    14    31    10    27    36    61
    15    32    11    26    35    62     9    28
    24    13    34    63    30    47    60    37
    33    16    23    56    59    38    29     8
    22    55    64     1    46    57    48    39
    17    52    19    58    49    42     7     4
    54    21    50    45     2     5    40    43
    51    18    53    20    41    44     3     6
方向   下一位置   可通方向     可通路数
选定下一步方向  direction=0
