输入棋盘大小n、初始位置(x,y)：第1步  当前位置: (0,0)
矩阵（5×5）：
     1     0     0     0     0
     0     0     0     0     0
     0     0     0     0     0
     0     0     0     0     0
     0     0     0     0     0
方向   下一位置   可通方向     可通路数
  3	(1,2)	2,3,4,5,6,	5
  4	(2,1)	1,2,3,4,5,	5
选定下一步方向  direction=3
第2步  当前位置: (1,2)
矩阵（5×5）：
     1     0     0     0     0
     0     0     2     0     0
     0     0     0     0     0
     0     0     0     0     0
     0     0     0     0     0
方向   下一位置   可通方向     可通路数
  2	(0,4)	5,	1
  3	(2,4)	5,6,8,	3
  4	(3,3)	1,6,7,	3
  5	(3,1)	2,3,8,	3
  6	(2,0)	1,3,4,	3
选定下一步方向  direction=2
第3步  当前位置: (0,4)
矩阵（5×5）：
     1     0     0     0     3
     0     0     2     0     0
     0     0     0     0     0
     0     0     0     0     0
     0     0     0     0     0
方向   下一位置   可通方向     可通路数
  5	(2,3)	4,5,6,7,8,	5
选定下一步方向  direction=5
第4步  当前位置: (2,3)
矩阵（5×5）：
     1     0     0     0     3
     0     0     2     0     0
     0     0     0     4     0
     0     0     0     0     0
     0     0     0     0     0
方向   下一位置   可通方向     可通路数
  4	(4,4)	7,	1
  5	(4,2)	2,7,8,	3
  6	(3,1)	3,8,	2
  7	(1,1)	2,4,5,	3
  8	(0,2)	3,5,6,	3
选定下一步方向  direction=4
第5步  当前位置: (4,4)
矩阵（5×5）：
     1     0     0     0     3
     0     0     2     0     0
     0     0     0     4     0
     0     0     0     0     0
     0     0     0     0     5
方向   下一位置   可通方向     可通路数
  7	(3,2)	1,2,6,7,8,	5
选定下一步方向  direction=7
第6步  当前位置: (3,2)
矩阵（5×5）：
     1     0     0     0     3
     0     0     2     0     0
     0     0     0     4     0
     0     0     6     0     0
     0     0     0     0     5
方向   下一位置   可通方向     可通路数
  1	(1,3)	4,6,7,	3
  2	(2,4)	5,8,	2
  6	(4,0)	1,	1
  7	(2,0)	1,4,	2
  8	(1,1)	2,5,	2
选定下一步方向  direction=6
第7步  当前位置: (4,0)
矩阵（5×5）：
     1     0     0     0     3
     0     0     2     0     0
     0     0     0     4     0
     0     0     6     0     0
     7     0     0     0     5
方向   下一位置   可通方向     可通路数
  1	(2,1)	1,2,3,4,	4
选定下一步方向  direction=1
第8步  当前位置: (2,1)
矩阵（5×5）：
     1     0     0     0     3
     0     0     2     0     0
     0     8     0     4     0
     0     0     6     0     0
     7     0     0     0     5
方向   下一位置   可通方向     可通路数
  1	(0,2)	3,6,	2
  2	(1,3)	4,7,	2
  3	(3,3)	1,6,	2
  4	(4,2)	2,7,	2
选定下一步方向  direction=1
第9步  当前位置: (0,2)
矩阵（5×5）：
     1     0     9     0     3
     0     0     2     0     0
     0     8     0     4     0
     0     0     6     0     0
     7     0     0     0     5
方向   下一位置   可通方向     可通路数
  3	(1,4)	5,6,	2
  6	(1,0)	3,4,	2
选定下一步方向  direction=3
第10步  当前位置: (1,4)
矩阵（5×5）：
     1     0     9     0     3
     0     0     2     0    10
     0     8     0     4     0
     0     0     6     0     0
     7     0     0     0     5
方向   下一位置   可通方向     可通路数
  5	(3,3)	6,	1
  6	(2,2)	1,3,4,5,6,7,8,	7
选定下一步方向  direction=5
第11步  当前位置: (3,3)
矩阵（5×5）：
     1     0     9     0     3
     0     0     2     0    10
     0     8     0     4     0
     0     0     6    11     0
     7     0     0     0     5
方向   下一位置   可通方向     可通路数
  6	(4,1)	1,8,	2
选定下一步方向  direction=6
第12步  当前位置: (4,1)
矩阵（5×5）：
     1     0     9     0     3
     0     0     2     0    10
     0     8     0     4     0
     0     0     6    11     0
     7    12     0     0     5
方向   下一位置   可通方向     可通路数
  1	(2,2)	1,3,4,6,7,8,	6
  8	(2,0)	1,	1
选定下一步方向  direction=8
第13步  当前位置: (2,0)
矩阵（5×5）：
     1     0     9     0     3
     0     0     2     0    10
    13     8     0     4     0
     0     0     6    11     0
     7    12     0     0     5
方向   下一位置   可通方向     可通路数
  1	(0,1)	3,4,	2
选定下一步方向  direction=1
第14步  当前位置: (0,1)
矩阵（5×5）：
     1    14     9     0     3
     0     0     2     0    10
    13     8     0     4     0
     0     0     6    11     0
     7    12     0     0     5
方向   下一位置   可通方向     可通路数
  3	(1,3)	4,	1
  4	(2,2)	1,3,4,6,7,	5
选定下一步方向  direction=3
第15步  当前位置: (1,3)
矩阵（5×5）：
     1    14     9     0     3
     0     0     2    15    10
    13     8     0     4     0
     0     0     6    11     0
     7    12     0     0     5
方向   下一位置   可通方向     可通路数
  4	(3,4)	6,7,	2
选定下一步方向  direction=4
第16步  当前位置: (3,4)
矩阵（5×5）：
     1    14     9     0     3
     0     0     2    15    10
    13     8     0     4     0
     0     0     6    11    16
     7    12     0     0     5
方向   下一位置   可通方向     可通路数
  6	(4,2)	7,	1
  7	(2,2)	1,4,6,7,	4
选定下一步方向  direction=6
第17步  当前位置: (4,2)
矩阵（5×5）：
     1    14     9     0     3
     0     0     2    15    10
    13     8     0     4     0
     0     0     6    11    16
     7    12    17     0     5
方向   下一位置   可通方向     可通路数
  7	(3,0)	1,2,	2
选定下一步方向  direction=7
第18步  当前位置: (3,0)
矩阵（5×5）：
     1    14     9     0     3
     0     0     2    15    10
    13     8     0     4     0
    18     0     6    11    16
     7    12    17     0     5
方向   下一位置   可通方向     可通路数
  1	(1,1)	2,	1
  2	(2,2)	1,4,7,	3
选定下一步方向  direction=1
第19步  当前位置: (1,1)
矩阵（5×5）：
     1    14     9     0     3
     0    19     2    15    10
    13     8     0     4     0
    18     0     6    11    16
     7    12    17     0     5
方向   下一位置   可通方向     可通路数
  2	(0,3)	4,5,	2
选定下一步方向  direction=2
第20步  当前位置: (0,3)
矩阵（5×5）：
     1    14     9    20     3
     0    19     2    15    10
    13     8     0     4     0
    18     0     6    11    16
     7    12    17     0     5
方向   下一位置   可通方向     可通路数
  4	(2,4)	5,	1
  5	(2,2)	4,7,	2
选定下一步方向  direction=4
第21步  当前位置: (2,4)
矩阵（5×5）：
     1    14     9    20     3
     0    19     2    15    10
    13     8     0     4    21
    18     0     6    11    16
     7    12    17     0     5
方向   下一位置   可通方向     可通路数
  5	(4,3)	7,8,	2
选定下一步方向  direction=5
第22步  当前位置: (4,3)
矩阵（5×5）：
     1    14     9    20     3
     0    19     2    15    10
    13     8     0     4    21
    18     0     6    11    16
     7    12    17    22     5
方向   下一位置   可通方向     可通路数
  7	(3,1)	8,	1
  8	(2,2)	7,	1
选定下一步方向  direction=7
第23步  当前位置: (3,1)
矩阵（5×5）：
     1    14     9    20     3
     0    19     2    15    10
    13     8     0     4    21
    18    23     6    11    16
     7    12    17    22     5
方向   下一位置   可通方向     可通路数
  8	(1,0)	3,	1
选定下一步方向  direction=8
第24步  当前位置: (1,0)
矩阵（5×5）：
     1    14     9    20     3
    24    19     2    15    10
    13     8     0     4    21
    18    23     6    11    16
     7    12    17    22     5
方向   下一位置   可通方向     可通路数
  3	(2,2)		0
选定下一步方向  direction=3
第25步  当前位置: (2,2)
矩阵（5×5）：
     1    14     9    20     3
    24    19     2    15    10
    13     8    25     4    21
    18    23     6    11    16
     7    12    17    22     5
方向   下一位置   可通方向     可通路数
选定下一步方向  direction=0
