输入棋盘大小n、初始位置(x,y)：第1步  当前位置: (1,2)
矩阵（5×5）：
     0     0     0     0     0
     0     0     1     0     0
     0     0     0     0     0
     0     0     0     0     0
     0     0     0     0     0
方向   下一位置   可通方向     可通路数
  2	(0,4)	5,	1
  3	(2,4)	5,6,8,	3
  4	(3,3)	1,6,7,	3
  5	(3,1)	2,3,8,	3
  6	(2,0)	1,3,4,	3
  7	(0,0)	4,	1
选定下一步方向  direction=2

第2步  当前位置: (0,4)
矩阵（5×5）：
     0     0     0     0     2
     0     0     1     0     0
     0     0     0     0     0
     0     0     0     0     0
     0     0     0     0     0
方向   下一位置   可通方向     可通路数
  5	(2,3)	4,5,6,7,8,	5
选定下一步方向  direction=5

第3步  当前位置: (2,3)
矩阵（5×5）：
     0     0     0     0     2
     0     0     1     0     0
     0     0     0     3     0
     0     0     0     0     0
     0     0     0     0     0
方向   下一位置   可通方向     可通路数
  4	(4,4)	7,	1
  5	(4,2)	2,7,8,	3
  6	(3,1)	3,8,	2
  7	(1,1)	2,4,5,	3
  8	(0,2)	3,5,6,	3
选定下一步方向  direction=4

第4步  当前位置: (4,4)
矩阵（5×5）：
     0     0     0     0     2
     0     0     1     0     0
     0     0     0     3     0
     0     0     0     0     0
     0     0     0     0     4
方向   下一位置   可通方向     可通路数
  7	(3,2)	1,2,6,7,8,	5
选定下一步方向  direction=7

第5步  当前位置: (3,2)
矩阵（5×5）：
     0     0     0     0     2
     0     0     1     0     0
     0     0     0     3     0
     0     0     5     0     0
     0     0     0     0     4
方向   下一位置   可通方向     可通路数
  1	(1,3)	4,6,7,	3
  2	(2,4)	5,8,	2
  6	(4,0)	1,	1
  7	(2,0)	1,4,	2
  8	(1,1)	2,5,	2
选定下一步方向  direction=6

第6步  当前位置: (4,0)
矩阵（5×5）：
     0     0     0     0     2
     0     0     1     0     0
     0     0     0     3     0
     0     0     5     0     0
     6     0     0     0     4
方向   下一位置   可通方向     可通路数
  1	(2,1)	1,2,3,4,8,	5
选定下一步方向  direction=1

第7步  当前位置: (2,1)
矩阵（5×5）：
     0     0     0     0     2
     0     0     1     0     0
     0     7     0     3     0
     0     0     5     0     0
     6     0     0     0     4
方向   下一位置   可通方向     可通路数
  1	(0,2)	3,6,	2
  2	(1,3)	4,7,	2
  3	(3,3)	1,6,	2
  4	(4,2)	2,7,	2
  8	(0,0)		0
选定下一步方向  direction=8

第8步  当前位置: (0,0)
矩阵（5×5）：
     8     0     0     0     2
     0     0     1     0     0
     0     7     0     3     0
     0     0     5     0     0
     6     0     0     0     4
方向   下一位置   可通方向     可通路数
请按任意键继续. . . 
选定下一步方向  direction=0

第8步无路可通!
